date,stock_id,Trading_Volume,Trading_money,open,max,min,close,spread,Trading_turnover,year,PER,PBR,equity,mkPrice,PSR,ROE,ROA
2022-08-25,3715,2477346,50866109,21.25,21.25,20.25,20.5,0.0,1021,2022,0.0,0.0,27.8,569.9,0.0,3.94,9.48
2022-08-26,3715,2132322,43406841,20.6,20.7,20.2,20.25,-0.25,927,2022,0.0,0.0,27.8,562.95,0.0,3.94,9.48
2022-08-29,3715,3318119,63986263,19.75,19.75,19.1,19.1,-1.15,1496,2022,0.0,0.0,27.8,530.98,0.0,3.94,9.48
2022-08-30,3715,5827878,119152105,19.25,20.95,19.25,20.65,1.55,2893,2022,0.0,0.0,27.8,574.0699999999999,0.0,3.94,9.48
2022-08-31,3715,2826987,57146832,20.35,20.6,20.0,20.15,-0.5,1489,2022,0.0,0.0,27.8,560.17,0.0,3.94,9.48
2022-09-01,3715,2243826,44403981,20.1,20.1,19.6,19.7,-0.45,1049,2022,0.0,0.0,27.8,547.66,0.0,3.94,9.48
2022-09-02,3715,1404353,27894771,19.95,20.05,19.7,19.85,0.15,638,2022,0.0,0.0,27.8,551.83,4.3579104647342755,3.94,9.48
2022-09-05,3715,1078827,21333063,20.25,20.25,19.6,19.6,-0.25,689,2022,0.0,0.0,27.8,544.8800000000001,4.3030249425084035,3.94,9.48
2022-09-06,3715,1337026,26016923,19.8,19.8,19.25,19.3,-0.3,555,2022,0.0,0.0,27.8,536.5400000000001,4.237162315837357,3.94,9.48
2022-09-07,3715,1107132,21125401,19.4,19.4,18.95,19.05,-0.25,786,2022,0.0,0.0,27.8,529.59,4.182276793611483,3.94,9.48
2022-09-08,3715,1244671,24013288,19.3,19.55,19.15,19.55,0.5,653,2022,0.0,0.0,27.8,543.49,4.292047838063228,3.94,9.48
2022-09-12,3715,1204471,23725162,19.8,19.95,19.5,19.65,0.1,732,2022,0.0,0.0,27.8,546.27,4.314002046953577,3.94,9.48
2022-09-13,3715,680912,13467927,19.85,19.9,19.65,19.7,0.05,600,2022,0.0,0.0,27.8,547.66,4.324979151398751,3.94,9.48
2022-09-14,3715,1373520,26441481,19.05,19.45,19.05,19.3,-0.4,864,2022,0.0,0.0,27.8,536.5400000000001,4.237162315837357,3.94,9.48
2022-09-15,3715,1014089,19672761,19.45,19.6,19.3,19.35,0.05,666,2022,0.0,0.0,27.8,537.9300000000001,4.248139420282531,3.94,9.48
2022-09-16,3715,1197152,22927563,19.25,19.35,19.1,19.15,-0.2,853,2022,0.0,0.0,27.8,532.37,4.204231002501833,3.94,9.48
2022-09-19,3715,1236680,23471948,19.15,19.2,18.9,18.9,-0.25,664,2022,0.0,0.0,27.8,525.42,4.14934548027596,3.94,9.48
2022-09-20,3715,1060922,20012782,19.05,19.15,18.7,18.85,-0.05,895,2022,0.0,0.0,27.8,524.0300000000001,4.138368375830786,3.94,9.48
2022-09-21,3715,1388773,25903868,18.7,19.0,18.5,18.6,-0.25,897,2022,0.0,0.0,27.8,517.08,4.083482853604913,3.94,9.48
2022-09-22,3715,729728,13471336,18.35,18.65,18.25,18.65,0.05,664,2022,0.0,0.0,27.8,518.47,4.094459958050087,3.94,9.48
2022-09-23,3715,942579,17370806,18.6,18.7,18.3,18.3,-0.35,555,2022,0.0,0.0,27.8,508.74,4.0176202269338654,3.94,9.48
2022-09-26,3715,1967529,34627516,18.0,18.0,17.2,17.3,-1.0,842,2022,0.0,0.0,27.8,480.94000000000005,3.7980781380303767,3.94,9.48
2022-09-27,3715,1176702,20219816,17.3,17.55,16.95,17.55,0.25,487,2022,0.0,0.0,27.8,487.89,3.8529636602562483,3.94,9.48
2022-09-28,3715,2290251,40473662,17.6,18.25,17.4,17.45,-0.1,1082,2022,0.0,0.0,27.8,485.11,3.831009451365899,3.94,9.48
2022-09-29,3715,1048265,18353037,17.65,17.85,17.2,17.2,-0.25,630,2022,0.0,0.0,27.8,478.16,3.776123929140027,3.94,9.48
2022-09-30,3715,1032886,17427761,16.75,17.15,16.6,17.15,-0.05,508,2022,0.0,0.0,27.8,476.77,3.7651468246948525,3.94,9.48
2022-10-03,3715,505953,8636986,16.9,17.3,16.85,17.15,0.0,267,2022,0.0,0.0,27.8,476.77,1.861279132139614,3.94,9.48
2022-10-04,3715,530286,9319411,17.55,17.75,17.35,17.75,0.6,350,2022,0.0,0.0,27.8,493.45,1.9263967694156356,3.94,9.48
2022-10-05,3715,1233781,21981320,17.85,18.05,17.55,17.6,-0.15,530,2022,0.0,0.0,27.8,489.28,1.9101173600966301,3.94,9.48
2022-10-06,3715,590105,10507861,17.7,17.95,17.55,17.95,0.35,336,2022,0.0,0.0,27.8,499.01,1.9481026485076427,3.94,9.48
2022-10-07,3715,761073,13730370,17.85,18.2,17.85,18.0,0.05,429,2022,0.0,0.0,27.8,500.4,1.9535291182806445,3.94,9.48
2022-10-11,3715,1121192,19253768,17.6,17.6,16.95,16.95,-1.05,583,2022,0.0,0.0,27.8,471.21,1.839573253047607,3.94,9.48
2022-10-12,3715,802118,13669402,17.0,17.3,16.8,17.1,0.15,464,2022,0.0,0.0,27.8,475.38000000000005,1.8558526623666127,3.94,9.48
2022-10-13,3715,2280750,37367440,17.25,17.25,15.95,16.0,-1.1,987,2022,0.0,0.0,27.8,444.8,1.7364703273605728,3.94,9.48
2022-10-14,3715,924961,15636092,16.6,17.15,16.45,17.05,1.05,537,2022,0.0,0.0,27.8,473.99,1.8504261925936105,3.94,9.48
2022-10-17,3715,1041564,17217009,16.65,16.95,16.2,16.95,-0.1,490,2022,0.0,0.0,27.8,471.21,1.839573253047607,3.94,9.48
2022-10-18,3715,514247,8816719,17.2,17.3,16.9,17.15,0.2,269,2022,0.0,0.0,27.8,476.77,1.861279132139614,3.94,9.48
2022-10-19,3715,740782,12788590,17.05,17.45,17.05,17.25,0.1,324,2022,0.0,0.0,27.8,479.55,1.8721320716856176,3.94,9.48
2022-10-20,3715,1279369,21218125,17.1,17.25,16.3,16.6,-0.65,707,2022,0.0,0.0,27.8,461.4800000000001,1.8015879646365949,3.94,9.48
2022-10-21,3715,472137,7764975,16.6,16.65,16.3,16.3,-0.3,273,2022,0.0,0.0,27.8,453.14,1.7690291459985836,3.94,9.48
2022-10-24,3715,430483,7207968,16.55,16.9,16.55,16.75,0.45,248,2022,0.0,0.0,27.8,465.65,1.8178673739555997,3.94,9.48
2022-10-25,3715,536351,8846253,16.85,16.85,16.35,16.4,-0.35,274,2022,0.0,0.0,27.8,455.92,1.7798820855445872,3.94,9.48
2022-10-26,3715,890036,14389288,16.45,16.45,16.05,16.05,-0.35,421,2022,0.0,0.0,27.8,446.19000000000005,1.741896797133575,3.94,9.48
2022-10-27,3715,818645,13469005,16.15,16.7,16.15,16.65,0.6,418,2022,0.0,0.0,27.8,462.87,1.8070144344095962,3.94,9.48
2022-10-28,3715,919779,14892734,16.45,16.6,16.05,16.05,-0.6,545,2022,0.0,0.0,27.8,446.19000000000005,1.741896797133575,3.94,9.48
2022-10-31,3715,789214,12777946,16.3,16.35,16.05,16.2,0.15,402,2022,0.0,0.0,27.8,450.36,1.75817620645258,3.94,9.48
2022-11-01,3715,1125403,18506040,16.25,16.65,16.15,16.5,0.3,572,2022,0.0,0.0,27.8,458.7,1.790735025090591,3.94,9.48
2022-11-02,3715,1086700,18292960,16.5,17.1,16.5,16.85,0.35,573,2022,0.0,0.0,27.8,468.43000000000006,1.2248008910875559,3.94,9.48
2022-11-03,3715,609812,10316742,16.55,17.1,16.55,17.05,0.2,376,2022,0.0,0.0,27.8,473.99,1.239338587124203,3.94,9.48
2022-11-04,3715,840723,14446077,17.15,17.3,17.05,17.3,0.25,452,2022,0.0,0.0,27.8,480.94000000000005,1.257510707170013,3.94,9.48
2022-11-07,3715,508317,8783839,17.35,17.5,17.2,17.25,-0.05,400,2022,0.0,0.0,27.8,479.55,1.2538762831608508,3.94,9.48
2022-11-08,3715,686583,11966642,17.45,17.55,17.3,17.3,0.05,300,2022,0.0,0.0,27.8,480.94000000000005,1.257510707170013,3.94,9.48
2022-11-09,3715,1032881,18303781,17.4,17.9,17.4,17.7,0.4,464,2022,0.0,0.0,27.8,492.06,1.2865860992433078,3.94,9.48
2022-11-10,3715,475612,8321248,17.4,17.65,17.4,17.55,-0.15,222,2022,0.0,0.0,27.8,487.89,1.275682827215822,3.94,9.48
2022-11-11,3715,857136,15056427,17.9,18.0,17.3,17.45,-0.1,404,2022,0.0,0.8,27.8,485.11,1.2684139791974982,3.94,9.48
2022-11-14,3715,977469,17263581,17.45,17.8,17.4,17.75,0.3,433,2022,0.0,0.82,27.8,493.45,1.2902205232524695,3.94,9.48
2022-11-15,3715,631078,11187965,17.9,17.9,17.55,17.8,0.05,329,2022,0.0,0.82,27.8,494.84,1.2938549472616314,3.94,9.48
2022-11-16,3715,467998,8257744,17.9,17.9,17.55,17.55,-0.25,330,2022,0.0,0.81,27.8,487.89,1.275682827215822,3.94,9.48
2022-11-17,3715,871256,15524670,17.55,17.95,17.55,17.85,0.3,457,2022,0.0,0.82,27.8,496.2300000000001,1.2974893712707936,3.94,9.48
2022-11-18,3715,614661,10882805,17.95,17.95,17.55,17.55,-0.3,351,2022,0.0,0.81,27.8,487.89,1.275682827215822,3.94,9.48
2022-11-21,3715,635074,11057771,17.6,17.6,17.25,17.25,-0.3,303,2022,0.0,0.79,27.8,479.55,1.2538762831608508,3.94,9.48
2022-11-22,3715,967631,16502366,17.25,17.25,16.95,17.05,-0.2,431,2022,0.0,0.79,27.8,473.99,1.239338587124203,3.94,9.48
2022-11-23,3715,295515,5078250,17.35,17.35,17.1,17.15,0.1,175,2022,0.0,0.79,27.8,476.77,1.246607435142527,3.94,9.48
2022-11-24,3715,502376,8638414,17.3,17.4,17.05,17.2,0.05,275,2022,0.0,0.79,27.8,478.16,1.2502418591516888,3.94,9.48
2022-11-25,3715,405249,6947390,17.25,17.3,17.0,17.0,-0.2,250,2022,0.0,0.78,27.8,472.6,1.2357041631150414,3.94,9.48
2022-11-28,3715,413446,7055469,16.9,17.25,16.75,17.2,0.2,231,2022,0.0,0.79,27.8,478.16,1.2502418591516888,3.94,9.48
2022-11-29,3715,417594,7186146,17.1,17.35,17.0,17.3,0.1,239,2022,0.0,0.8,27.8,480.94000000000005,1.257510707170013,3.94,9.48
2022-11-30,3715,1923326,33203896,17.35,17.4,17.15,17.2,-0.1,694,2022,0.0,0.79,27.8,478.16,1.2502418591516888,3.94,9.48
2022-12-01,3715,1513840,26734483,17.45,17.8,17.4,17.75,0.55,659,2022,0.0,0.82,27.8,493.45,1.2902205232524695,3.94,9.48
2022-12-02,3715,849455,15139948,17.75,17.9,17.7,17.85,0.1,413,2022,0.0,0.82,27.8,496.2300000000001,0.9711242069485002,3.94,9.48
2022-12-05,3715,1098163,19952542,17.95,18.3,17.9,18.15,0.3,563,2022,0.0,0.84,27.8,504.57,0.987445622191332,3.94,9.48
2022-12-06,3715,1240454,22125940,18.15,18.15,17.55,17.55,-0.6,612,2022,0.0,0.81,27.8,487.89,0.9548027917056682,3.94,9.48
2022-12-07,3715,1133714,19677797,17.55,17.7,17.15,17.35,-0.2,570,2022,0.0,0.8,27.8,482.33,0.9439218482104469,3.94,9.48
2022-12-08,3715,876591,15328802,17.45,17.65,17.3,17.55,0.2,383,2022,0.0,0.81,27.8,487.89,0.9548027917056682,3.94,9.48
2022-12-09,3715,517625,9074241,17.7,17.7,17.4,17.4,-0.15,280,2022,0.0,0.8,27.8,483.72,0.9466420840842522,3.94,9.48
2022-12-12,3715,596510,10376257,17.4,17.45,17.2,17.45,0.05,241,2022,0.0,0.8,27.8,485.11,0.9493623199580575,3.94,9.48
2022-12-13,3715,351591,6121972,17.55,17.55,17.3,17.3,-0.15,219,2022,0.0,0.8,27.8,480.94000000000005,0.9412016123366417,3.94,9.48
2022-12-14,3715,357255,6242123,17.5,17.55,17.4,17.5,0.2,208,2022,0.0,0.81,27.8,486.5,0.9520825558318629,3.94,9.48
2022-12-15,3715,389691,6840678,17.5,17.65,17.45,17.6,0.1,210,2022,0.0,0.81,27.8,489.28,0.9575230275794735,3.94,9.48
2022-12-16,3715,761438,13159412,17.4,17.4,17.2,17.25,-0.35,383,2022,0.0,0.79,27.8,479.55,0.9384813764628362,3.94,9.48
2022-12-19,3715,613387,10502742,17.25,17.25,17.0,17.05,-0.2,318,2022,0.0,0.79,27.8,473.99,0.9276004329676149,3.94,9.48
2022-12-20,3715,1414331,23746095,17.05,17.15,16.55,16.6,-0.45,591,2022,0.0,0.76,27.8,461.4800000000001,0.9031183101033672,3.94,9.48
2022-12-21,3715,713006,11867203,16.75,16.8,16.5,16.6,0.0,339,2022,0.0,0.76,27.8,461.4800000000001,0.9031183101033672,3.94,9.48
2022-12-22,3715,602523,10065076,16.8,16.85,16.6,16.65,0.05,275,2022,0.0,0.77,27.8,462.87,0.9058385459771723,3.94,9.48
2022-12-23,3715,572520,9396069,16.55,16.55,16.2,16.55,-0.1,232,2022,0.0,0.76,27.8,460.09,0.9003980742295616,3.94,9.48
2022-12-26,3715,392723,6487196,16.55,16.65,16.45,16.5,-0.05,168,2022,0.0,0.76,27.8,458.7,0.8976778383557563,3.94,9.48
2022-12-27,3715,553670,9255162,16.6,16.9,16.6,16.6,0.1,235,2022,0.0,0.76,27.8,461.4800000000001,0.9031183101033672,3.94,9.48
2022-12-28,3715,685534,11203420,16.6,16.6,16.25,16.25,-0.35,346,2022,0.0,0.75,27.8,451.75,0.8840766589867297,3.94,9.48
2022-12-29,3715,525853,8501274,16.2,16.35,16.05,16.3,0.05,246,2022,0.0,0.75,27.8,453.14,0.886796894860535,3.94,9.48
2022-12-30,3715,466261,7576618,16.5,16.5,16.2,16.2,-0.1,241,2022,0.0,0.75,27.8,450.36,0.8813564231129244,3.94,9.48
